787
907
1087
1279
1459
1759
1867
1999
2383
2503
2647
2719
3319
3607
3739
4219
5059
5779
5839
6163
6679
7687
7879
9007
9343
9739
12799
13183
15583
16759
18127
20359
21799
25747
30727
32119
34543
36187
38959
40639
42283
44179
45259
47287
49999
50383
50839
54559
55807
63499
65599
68059
70183
73699
74719
77263
77659
78823
80239
90403
92179
93199
96223
98779
100279
101323
109663
115183
130807
144439
154087
158047
160687
170179
203659
208279
226027
232207
241543
245527
247339
262399
268927
271363
273943
284407
295039
296479
318007
327343
346543
355027
395119
402379
408703
426799
434659
479599
496399
519247
536923
565723
581743
622423
627919
629263
645739
669943
689599
731767
756919
767359
771643
772339
781999
853903
872959
912367
934579
961927
972823
977023
1013239
1078183
1135699
1146727
1386043
1409227
1411099
1472719
1474999
1498303
1502047
1548739
1555999
1657099
1681027
1852579
1900687
2104867
2111839
2129599
2151847
2327599
2404819
2539567
2744323
2859559
2878039
2964319
2988259
2988343
3055963
3190519
3349999
3355423
3511999
3576583
3637279
3671599
3728719
3739999
3741823
3819943
3920743
3926959
3999283
4019047
4170583
4631359
4697599
4708999
4742047
5078347
5477599
5551999
5593183
5685499
5693899
5803003
5825899
6671323
6940663
7052599
7092667
7273099
7342903
7349239
7354639
7428079
7648327
7879999
7924879
8016139
8159659
8162743
8222959
8570719
8633899
8756203
8942383
9139807
9247123
9297367
9378559
9594799
9613567
9700147
10023679
10026019
10034623
10246783
10346239
10348399
10481563
10485427
10706599
11006647
11112319
11480743
11615419
12453043
12587563
13049479
13306303
13608379
13914559
14431999
14519359
14683267
14710099
16048699
16062463
16220263
16980559
17210467
17613823
17697019
18183799
19279999
19409239
20414899
21919999
22974199
23156767
23689999
23942143
24101239
24560299
25514239
25886407
27878527
28654663
29097199
29368159
29786719
31135939
33603379
34543699
35295583
35504383
36177199
36201439
36692839
38763019
39760687
40613407
40927303
41835067
41977279
42808039
43070779
46471699
46887499
47510443
47756287
47913343
48389239
48826243
48957703
48977947
49097179
49876219
50723527
54220363
55149823
56566567
57102319
57325087
57667807
57975499
62155999
64069279
64803727
65823223
66681907
67595599
69826543
70407199
70429339
70618447
74593699
74993959
75673999
76630387
81601087
82062319
83649499
84144763
84572503
89514559
90510967
95571199
97399999
98866279
102007459
103288399
105277807
106217407
106831999
111051103
111336499
112445503
113288059
120071767
125534683
126018439
126339487
127100023
132640639
135491539
137569759
138312679
144082303
144087679
147243799
148713199
148915279
154506367
155439103
158176999
163352863
167656519
169642999
180840703
184483807
184611799
185798887
187944499
192747943
196349119
197503639
199180459
202295059
203919103
207601039
211870999
213161167
222361759
230829103
241647199
244584667
257961559
258083803
267596863
305205247
311009599
311308447
324688099
325743799
329547583
333142759
335205127
335288479
339283039
351873187
368475199
375079363
378513523
402949639
417392419
422843167
452403199
455233003
461335423
469890559
477136747
487393939
500913379
505029799
525392479
547081039
551098123
553689319
554021599
560810407
568404799
576053623
582166063
595354999
602670007
610215667
619166719
629423299
629491999
649265839
659668699
690641239
714583039
757529599
764211199
773068063
795335503
804725503
810674959
815820799
824286403
828270847
846632299
850685599
861576319
864315847
868374979
882386299
894146527
912630079
933993667
954712747
959153599
973312447
988410463
996707407
1018347079
1026768247
1033908643
1034352127
1040140159
1046722639
1062512263
1064287927
1102611967
1134835759
1173887527
1180092187
1216474099
1253152699
1267785919
1271322739
1276181407
1280126179
1303701439
1339453207
1352806879
1356079999
1417793599
1422866719
1445946763
1454402359
1473221023
1485028819
1558078579
1617131839
1620340039
1634234743
1683539443
1717278559
1720464943
1833210367
1839914623
1858679239
1865544367
1922259907
1924656007
1960737847
2002150879
2035082239
2046777727
2080785799
2090595907
2159566939
2228322799
2245353559
2246597179
2249132719
2286649279
2327261899
2363974783
2389614319
2412969283
2482211443
2502142099
2506949719
2542573087
2558642899
2603261467
2701857799
2755425499
2872740859
2893373683
3124754119
3194259199
3197022223
3308376283
3353904079
3375797647
3484274683
3549697399
3556130527
3676318627
3698782207
3711108607
3723161599
3754108639
3779811199
3790388683
3823169239
3898188799
3980812543
4051400767
4051760227
4190060599
4256785807
4278998599
4359232099
4483248043
4507477759
4545949999
4591373599
4595759299
4795965679
4846277479
4887418303
4947190399
4980700063
5153031679
5286546703
5330208703
5745497119
5754151999
5925039919
5982065623
6030530767
6111249259
6220227679
6274334719
6280423423
6541791079
6592100299
6685541059
6858726439
6913369807
7003264927
7386691327
7582915999
7650427999
7740919999
7930031383
7982388919
8016535339
8328861139
8704635187
8956524799
8988956167
9143925499
9828203743
10016115127
10254236959
10271167999
10325467279
10900965679
11003827999
11016717007
11113502479
11298517423
11449429759
11512651879
11574409879
11913769999
12605227519
12846819259
12846848563
13109614939
13272405199
13428532303
13614455359
13813869247
13947454459
14065003423
14232579103
14397373999
14614349023
14971910539
15339536803
15392580799
15461200759
15472540903
15660894439
15851289079
16067631259
17165035519
17356240567
17670844927
18067933759
18252049999
18380038423
18574730899
18581930347
18656323327
18866154799
18911487799
19126773163
19131428863
19203269023
19444050487
19608303079
19752622159
20150730199
20320030207
20415115099
20853225079
22346370463
22676077999
23544646399
24046564123
24504589999
26119521199
26517413119
26662983439
27394815703
29624790919
29651398519
29789361487
30261425839
30691198903
31484725759
31778872399
32360924779
34356679999
34673435959
35459747839
37306426327
37498501603
37542237643
39268720639
40367255839
40841131423
41201999359
41526861559
42314953339
42804567919
43794278263
44703953743
46793887687
47663492563
48112650379
49573283839
50582652079
50804766559
52670343043
53322350047
54935089483
55090574047
55437587479
55512893983
56247131599
57275420119
57468126319
58032761599
58114728127
58476301003
58603195999
59104286719
60912408523
66231779167
66478615327
67076977879
69625729447
71339913499
71346148147
73426847167
76762686079
78172876927
79760151199
80578592767
80721643999
81012649999
81750512299
83123389183
83449833199
83805628483
86665577239
86814086347
89997112999
95598739939
103262638159
104589411007
105266990287
105427154359
108135017407
109310496283
109956041479
110999417539
111027558559
116429504959
118626572899
121880363299
122721308599
125688862639
127966423807
129691452367
143317497727
144542248399
145773715699
145941637339
150214489699
153572531743
153858759679
154333913599
155922027007
156392587999
157598233759
158408319343
159489712639
168930606079
173209759243
180253602187
181163828119
181519820479
186456219223
187485511039
192927891907
195873987583
196263830443
201981439999
209151316879
212362130023
213119398399
224118139519
227636235919
232117234519
245156892163
250966894159
251226024499
262293817087
279867875407
280440602899
286248077119
288656629759
293624864107
314255912959
322316148799
331447374847
339849995479
353256933199
373472861959
389829736999
394246803499
394766260579
411210498379
412468198399
413379968779
416754219199
425039717467
437914378399
445943869099
446208291223
457241283019
459458195239
491702851039
498619994239
537415171039
541390950907
545252536519
549386287999
551733590539
568258266619
593169271423
598955884927
631329991363
636489301519
639555769399
664525725319
673734369439
678277343479
686982319999
716485407499
744646072447
832267812379
858816720199
884208774079
888642199999
902455259599
909135539443
966535032439
1023043486207
1023161149999
1056513909439
1071014325967
1099500892687
1119151553599
1149328945927
1168037428699
1190409468319
1223875523599
1232329254859
1232905982527
1287674115127
1392889422907
1431188836543
1642103213899
1698234710203
1703060330479
1719613786879
1774266600247
1869760249807
1873597610179
1952913722803
1988338913263
2025033640519
2037941876143
2062268708959
2136163904239
2142958069999
2211718788739
2255852561383
2264762086399
2286189631027
2308568099023
2349898797619
2354896162207
2364829939327
2408159379007
2517617340967
2578569831199
2580566833099
2715678042127
2731686889663
2760706582999
2888449327999
2929942151839
3033753331519
3110539894723
3227460532999
3474156616639
3596892544519
4051667592463
4106550714319
4161489723379
4165541963923
4308360366259
4460878906303
4528550605567
4594036387999
4672436218507
4909398940387
5031304789759
5214218580607
5226824061967
5695072326499
5893429527199
6141440416879
6248394822259
6302317191847
6643697457307
7491784717999
7716028564063
7805643198679
7936587955999
8830349269939
9060408318799
9106360231099
9680211926659
9971196577759
10793617362439
10795626776887
11684401579999
12426091519999
13447939846087
14020313382199
14297950849159
14769480803899
15664721014099
16007673073663
16104305851999
16153432198543
16902327305119
17186810663647
17500211323759
18012753709939
18811100389999
20176437318679
20366774971999
20604299477959
22210034852323
23937810469759
24060759055999
24062544244639
24375516432079
24405610912159
24505851952999
26123931426367
29960137749019
29987026558399
32861084601223
34299794693119
35460827837839
36837608241799
37579466912599
38881942887259
39063694303999
41819983412719
42590019487039
42844598213119
44017837846399
44716356862399
48901053543967
49439182551679
49558806033283
52059347400499
52783968299119
54166906892647
56136592317079
61223107804699
87522006260347
94699490227759
95730899453743
96328285383919
97653606499699
103472325171619
108533627170627
109393975102987
111549780234499
120716853828559
141754843999039
161057759781907
167987799007219
169027288307767
170821211109823
173574428913439
180157987835407
216256971057499
246251700244747
251646857809327
268141900279807
301465674559999
309141173811499
319147129378303
319396069833283
361621903554559
430161439634599
569172865847167
582291720686719
597342766039027
626698249018819
693540047264899
699632470659487
701376494677279
716113052098399
738872523704383
746468318157283
752446947492199
820128813447679
827402716617439
842550848470399
920134184163307
923730153783139
995579871938263
1009585315548499
1058682488556499
1070330498689999
1144487909473039
1148243238308239
1280439916463359
1413599893343527
1446745424007487
1640361138311143
1809681632680639
1879862198962879
1883040830658919
1935212300541343
2170815986212147
2857501249327999
3012439275199999
3588349381405939
4140976705075099
4869186874946899
5411613836417023
6073624238445499
6970408885351999
6987654632824399
7132074358352959
7180712804095423
7832107985091199
9385146881412499
9830337648422587
10712979037583299
12948212716519999
15192453921925939
21505211481904543
31532582453744503
35579917868667439
40646000733518839
42826288958497279
45823901453072263
45876495399838399
58247207359323439
75721286224664263
80509305814198759
82076095638158599
95767121062884259
112054809497633419
115541716197093499
128059275462081499
155063736548762623
220964467807900639
229731074792916607
238429710488061667
306781581482781679
357598761931630207
369698388689722639
476535548296332799
604316767944367999
852632436484598527
6621174447229245919
26379015464291154499
33843204175351651039
224489273360340970879
4194019937445612397579
4905729483343410746599
